#BESTPOSA,USB2_30,0,63.5,FINESTEERING,1834,414758.000,00000000,6145,7053;SOL_COMPUTED,SINGLE,37.87709638935,-122.25427539244,184.0176,-32.1000,WGS84,2.4965,2.9248,8.7143,"",0.000,0.000,7,7,0,0,0,02,0,01*be5e879a
#BESTPOSA,USB2_30,0,63.0,FINESTEERING,1834,414759.000,00000000,6145,7053;SOL_COMPUTED,SINGLE,37.87709612231,-122.25427527384,183.9788,-32.1000,WGS84,2.4967,2.9241,8.7133,"",0.000,0.000,7,7,0,0,0,02,0,01*35b04d64
#BESTPOSA,USB2_30,0,62.0,FINESTEERING,1834,414760.000,00000000,6145,7053;SOL_COMPUTED,SINGLE,37.87709590163,-122.25427502877,183.9037,-32.1000,WGS84,2.4969,2.9235,8.7124,"",0.000,0.000,7,7,0,0,0,02,0,01*0ddee5fd
#BESTPOSA,USB2_30,0,62.0,FINESTEERING,1834,414761.000,00000800,6145,7053;SOL_COMPUTED,SINGLE,37.87709025415,-122.25427905972,186.1086,-32.1000,WGS84,2.7906,2.7596,8.0230,"",0.000,0.000,7,6,0,0,0,06,0,03*5d467943
#BESTPOSA,USB2_30,0,64.0,FINESTEERING,1834,414762.000,00000800,6145,7053;SOL_COMPUTED,SINGLE,37.87709038238,-122.25427911455,186.0718,-32.1000,WGS84,2.7905,2.7591,8.0224,"",0.000,0.000,7,6,0,0,0,06,0,03*4498464f
#BESTPOSA,USB2_30,0,63.5,FINESTEERING,1834,414758.000,00000000,6145,7053;SOL_COMPUTED,SINGLE,37.87709638935,-122.25427539244,184.0176,-32.1000,WGS84,2.4965,2.9248,8.7143,"",0.000,0.000,7,7,0,0,0,02,0,01*be5e879a
#BESTPOSA,USB2_30,0,63.0,FINESTEERING,1834,414759.000,00000000,6145,7053;SOL_COMPUTED,SINGLE,37.87709612231,-122.25427527384,183.9788,-32.1000,WGS84,2.4967,2.9241,8.7133,"",0.000,0.000,7,7,0,0,0,02,0,01*35b04d64
#BESTPOSA,USB2_30,0,62.0,FINESTEERING,1834,414760.000,00000000,6145,7053;SOL_COMPUTED,SINGLE,37.87709590163,-122.25427502877,183.9037,-32.1000,WGS84,2.4969,2.9235,8.7124,"",0.000,0.000,7,7,0,0,0,02,0,01*0ddee5fd
#BESTPOSA,USB2_30,0,62.0,FINESTEERING,1834,414761.000,00000800,6145,7053;SOL_COMPUTED,SINGLE,37.87709025415,-122.25427905972,186.1086,-32.1000,WGS84,2.7906,2.7596,8.0230,"",0.000,0.000,7,6,0,0,0,06,0,03*5d467943
#BESTPOSA,USB2_30,0,64.0,FINESTEERING,1834,414762.000,00000800,6145,7053;SOL_COMPUTED,SINGLE,37.87709038238,-122.25427911455,186.0718,-32.1000,WGS84,2.7905,2.7591,8.0224,"",0.000,0.000,7,6,0,0,0,06,0,03*4498464f
#BESTPOSA,USB2_30,0,63.5,FINESTEERING,1834,414763.000,00000800,6145,7053;SOL_COMPUTED,SINGLE,37.87709060355,-122.25427917652,186.0474,-32.1000,WGS84,2.7902,2.7585,8.0216,"",0.000,0.000,7,6,0,0,0,06,0,03*7c4ceb70
#BESTPOSA,USB2_30,0,63.5,FINESTEERING,1834,414764.000,00000800,6145,7053;SOL_COMPUTED,SINGLE,37.87709081397,-122.25427921593,186.0002,-32.1000,WGS84,2.7900,2.7579,8.0208,"",0.000,0.000,7,6,0,0,0,06,0,03*4bcc8495
#BESTPOSA,USB2_30,0,65.0,FINESTEERING,1834,414765.000,00000800,6145,7053;SOL_COMPUTED,SINGLE,37.87709120710,-122.25427948132,186.0523,-32.1000,WGS84,2.7899,2.7573,8.0202,"",0.000,0.000,7,6,0,0,0,06,0,03*c938d483
#BESTPOSA,USB2_30,0,65.0,FINESTEERING,1834,414766.000,00000800,6145,7053;SOL_COMPUTED,SINGLE,37.87709151592,-122.25427962528,186.0442,-32.1000,WGS84,2.7896,2.7567,8.0193,"",0.000,0.000,7,6,0,0,0,06,0,03*46534901
#BESTPOSA,USB2_30,0,65.0,FINESTEERING,1834,414767.000,00000800,6145,7053;SOL_COMPUTED,SINGLE,37.87709169825,-122.25427973658,185.9917,-32.1000,WGS84,2.7894,2.7562,8.0186,"",0.000,0.000,7,6,0,0,0,06,0,03*d883843e
